 XF =   0.000 - XG =   0.000
 YF =   0.000 - YG =   0.000
 ZF =  -1.250 - ZG =   0.000
 Displacement =  0.1960860E+03
 Waterplane area =  0.7843439E+02
