 XF =   0.000 - XG =   0.000
 YF =   0.000 - YG =   0.000
 ZF =  -5.000 - ZG =  -2.500
 Displacement =  0.8000000E+04
 Waterplane area =  0.8000000E+03
